4294967278,370
4,9
4,8
4,7
4294967279,575
4,6
4,5
3,7
3,6
3,5
4294967279,574
4294967279,573
4294967279,572
4294967279,571
4294967294,1430
4294967279,570
4294967279,569
4294967279,568
4294967279,567
4294967294,473
4294967279,566
4294967279,565
4294967294,437
4294967279,564
4294967294,1417
4294967279,563
4294967279,562
27,8
4294967294,1429
4294967294,1428
27,7
4294967279,561
27,6
4294967294,472
4294967279,560
27,5
27,4
27,3
27,2
27,1
4294967279,559
4294967279,558
4294967278,369
4294967279,557
4294967278,368
26,8
4294967278,367
4294967279,556
26,7
4294967279,555
4294967279,554
4294967278,366
4294967279,553
26,6
4294967278,365
4294967278,364
4294967279,552
26,5
4294967294,1427
26,4
26,3
26,2
26,1
25,8
4294967279,551
4294967278,363
25,7
25,6
4294967294,1426
25,5
25,4
25,3
25,2
25,1
24,8
4294967278,362
4294967279,550
4294967294,427
24,7
4294967279,549
4294967278,361
24,6
4294967278,360
4294967279,548
24,5
24,4
24,3
24,2
24,1
4294967278,359
4294967279,547
4294967279,546
23,7
4294967278,358
4294967278,357
23,6
4294967279,545
4294967279,544
23,5
23,4
23,3
23,2
23,1
4294967278,356
4294967294,1425
4294967294,1424
4294967279,543
4294967279,542
22,8
4294967294,920
4294967278,355
4294967278,354
22,7
4294967278,353
4294967279,541
4294967279,540
4294967279,539
22,6
4294967279,538
4294967278,352
22,5
22,4
22,3
22,2
22,1
4294967279,537
4294967294,946
4294967279,536
4294967278,351
4294967278,350
21,8
4294967294,1423
4294967278,349
4294967279,535
21,7
4294967279,534
4294967278,348
21,6
4294967278,347
4294967278,346
4294967279,533
4294967279,532
21,5
21,4
21,3
21,2
21,1
4294967278,345
4294967278,344
4294967279,531
20,9
4294967279,530
4294967278,343
4294967278,342
20,8
4294967278,341
20,7
4294967294,1422
4294967279,529
20,6
4294967278,340
4294967279,528
20,5
20,4
20,3
20,2
20,1
4294967278,339
19,8
4294967279,527
4294967278,338
19,7
4294967278,337
4294967279,526
19,6
4294967294,1421
19,5
19,4
19,3
19,2
19,1
4294967279,525
4294967279,524
4294967278,336
18,6
18,5
18,4
18,3
18,2
18,1
4294967278,335
4294967279,523
17,6
4294967279,522
4294967278,334
17,5
17,4
17,3
17,2
17,1
4294967279,521
4294967294,471
4294967278,333
16,6
4294967279,520
4294967278,332
4294967279,519
4294967279,518
4294967278,331
16,5
4294967279,517
4294967278,330
4294967279,516
16,4
4294967278,329
16,3
16,2
16,1
4294967279,515
4294967278,328
4294967279,514
4294967278,327
4294967278,326
4294967279,513
15,6
4294967279,512
15,5
15,4
15,3
15,2
15,1
4294967294,1420
14,8
4294967278,325
4294967279,319
14,7
14,6
14,5
14,4
14,3
14,2
14,1
4294967279,318
13,12
4294967279,317
4294967278,324
4294967278,323
13,11
4294967278,322
4294967279,316
4294967279,315
13,10
4294967279,314
4294967278,321
4294967278,320
13,9
4294967278,319
4294967279,313
4294967279,312
13,8
4294967279,311
4294967278,318
4294967278,317
13,7
4294967278,316
4294967279,310
4294967279,309
13,6
4294967279,308
4294967278,315
4294967278,314
13,5
13,4
13,3
13,2
13,1
4294967279,307
4294967279,306
4294967278,313
4294967278,312
12,6
4294967278,311
4294967279,305
4294967279,304
12,5
12,4
12,3
12,2
12,1
4294967278,310
4294967278,309
4294967279,303
4294967279,302
11,6
4294967279,301
4294967278,308
4294967278,307
11,5
11,4
11,3
11,2
11,1
4294967279,300
4294967279,299
4294967278,306
4294967278,305
10,6
4294967278,304
4294967279,298
4294967279,297
10,5
10,4
10,3
10,2
10,1
4294967278,303
4294967278,302
4294967279,296
4294967279,295
9,6
4294967279,294
4294967278,301
4294967278,300
9,5
9,4
9,3
9,2
9,1
4294967279,293
4294967278,299
4294967278,298
8,6
4294967278,297
4294967279,292
4294967279,291
8,5
8,4
8,3
8,2
8,1
4294967278,296
4294967294,1419
4294967294,1418
4294967294,973
4294967278,295
4294967279,290
4294967279,289
7,6
4294967279,288
4294967278,294
4294967278,293
7,5
7,4
7,3
7,2
7,1
4294967279,287
